<?xml version="1.0"?>
<opencv_storage>
<calibration_time>"Sun 28 Aug 2016 07:31:15 PM EDT"</calibration_time>
<nr_of_frames>18</nr_of_frames>
<image_width>800</image_width>
<image_height>480</image_height>
<board_width>9</board_width>
<board_height>6</board_height>
<square_size>2.4290000915527344e+01</square_size>
<fix_aspect_ratio>1.</fix_aspect_ratio>
<!-- flags:  +fix_aspect_ratio +fix_principal_point -->
<flags>6</flags>
<camera_matrix type_id="opencv-matrix">
  <rows>3</rows>
  <cols>3</cols>
  <dt>d</dt>
  <data>
    7.9103387851700768e+02 0. 3.9950000000000000e+02 0.
    7.9103387851700768e+02 2.3950000000000000e+02 0. 0. 1.</data></camera_matrix>
<distortion_coefficients type_id="opencv-matrix">
  <rows>5</rows>
  <cols>1</cols>
  <dt>d</dt>
  <data>
    1.3819120896176323e-01 -1.6782722076088472e-02
    -7.1467076211597490e-03 3.7509255001228984e-03
    -1.5527608016232182e+00</data></distortion_coefficients>
<avg_reprojection_error>3.3284828156889085e-01</avg_reprojection_error>
<per_view_reprojection_errors type_id="opencv-matrix">
  <rows>18</rows>
  <cols>1</cols>
  <dt>f</dt>
  <data>
    6.32714748e-01 2.42688581e-01 4.40800726e-01 3.89283746e-01
    3.45050365e-01 4.72915024e-01 4.33181018e-01 3.97530019e-01
    3.24113488e-01 2.84889042e-01 1.27712995e-01 1.52702644e-01
    1.57676369e-01 2.99613982e-01 2.13459194e-01 1.87137976e-01
    1.86962694e-01 2.11460680e-01</data></per_view_reprojection_errors>
<extrinsic_parameters type_id="opencv-matrix">
  <rows>18</rows>
  <cols>6</cols>
  <dt>d</dt>
  <data>
    4.3839821597382580e-03 -8.7712470424506750e-02
    3.1354092998444227e+00 9.0032339864370542e+01 5.7143179050766193e+01
    2.6564746233191511e+02 4.9566400100220104e-01 2.1369077605676459e-01
    3.0369700016293133e+00 8.3226624559037845e+01 5.4748557792467636e+01
    2.5710533187305901e+02 4.3037307495691103e-02 3.9120641485077456e-01
    3.1088126248666739e+00 9.2992679254337972e+01 5.0122800250374347e+01
    2.5811208548435570e+02 7.7074420835807778e-01
    -2.7925474038582776e-01 -2.9605579349058693e+00
    9.4668865020237831e+01 7.1593136019949384e+01 3.3655512565329036e+02
    8.6264192537061435e-01 4.5522182329689617e-02
    -2.9811161727120159e+00 8.8967326667261801e+01
    7.0921055797604524e+01 3.5900185901883674e+02 5.8161252145654752e-01
    6.3474057712772425e-01 -2.9383220175578648e+00
    9.5908014991830115e+01 6.6757973502248660e+01 3.5653538412775185e+02
    1.3328141566391333e-01 8.6917961742833805e-01
    -2.9903834619059713e+00 8.8577877254485884e+01
    7.2899131748602940e+01 3.2304931893747317e+02 6.9910773635504986e-01
    -1.1180369875162688e+00 2.8411910896968289e+00
    9.2519217936400949e+01 6.2283275203432112e+01 2.6565697547508483e+02
    7.2919812743630441e-01 -2.2313207688873299e-01
    3.0040493264836532e+00 8.2535570595897624e+01 6.7835622925697507e+01
    2.7311238652437549e+02 -9.6575945093376400e-02
    -2.3068690738759390e-01 3.1244922348260493e+00
    9.7149291315397065e+01 5.6167227496184324e+01 5.3110957325566005e+02
    -7.9397578155314419e-01 -2.6007946803821963e-01
    -3.0169474015796398e+00 9.7647767715388184e+01
    5.2243614116259977e+01 4.4018800380096405e+02 4.1772998714396326e-02
    -5.9587717410021834e-01 -3.0710703693162551e+00
    1.1041137063026540e+02 4.3630981406102890e+01 4.1483799170355928e+02
    1.0194065323507338e+00 -3.7673101453236035e-01
    -2.8685569940853424e+00 8.8027653066240376e+01
    6.1000877233548458e+01 4.4539329183153114e+02 1.1335379596884987e+00
    1.3456433202516332e-01 -2.8628042235651492e+00
    5.2726258220916478e+01 7.0415181851946727e+01 4.6610040404002990e+02
    9.8281121117340986e-01 9.7593403025616965e-01
    -2.7757180254082505e+00 6.5942007468999151e+01
    4.5821743066355758e+01 5.0349000461429154e+02 1.0047841221849960e-01
    1.1593779826232469e+00 -2.8947903818652980e+00
    1.0123236651596014e+02 4.4671241954157082e+01 4.6986455996355011e+02
    8.4131347167605564e-01 -1.1271372469585825e+00
    2.6900507870091612e+00 1.2290975998985283e+02 4.9202378402490183e+01
    4.4261631781465962e+02 9.3595869651534580e-01
    -1.6619637663609799e-01 2.9436176719945983e+00
    8.6490761192375842e+01 6.2328863041559522e+01 3.1830453623913064e+02</data></extrinsic_parameters>
